3176614(3176614 3176619): 3176618
3176618(3176618 3176622 3176624 3176626): 3176620 3176621
3176620(3176620 3176623 3176625 3176627 3176629): 
3176621(3176621 3176634 3176636): 3176628 3176630
3176628(3176628 3176631 3176632 3176633 3176635): 
3176630(3176630): 3176637 3176638
3176637(3176637 3176639 3176640 3176642 3176643 3176644): 
3176638(3176638 3176654): 3176641 3176645 3176649
3176641(3176641 3176646 3176647 3176648 3176650): 
3176645(3176645 3176651 3176652 3176653 3176655 3176656): 
3176649(3176649 3176658): 3176657
3176657(3176657 3176660): 3176659
3176659(3176659 3176662 3176663 3176665 3176666 3176667): 3176661
3176661(3176661): 3176664
3176664(3176664 3176676 3176677 3176678): 3176668 3176670 3176672
3176668(3176668 3176671 3176673 3176674 3176675): 
3176670(3176670 3176679): 
3176672(3176672): 3176680
3176680(3176680 3176686): 3176681 3176682 3176683 3176684 3176685
3176681(3176681): 
3176682(3176682 3176694 3176695 3176696 3176697): 
3176683(3176683 3176699 3176700): 
3176684(3176684 3176698): 
3176685(3176685 3176690 3176691 3176692 3176693): 3176689
3176687(3176687 3176704 3176705): 3176703
3176689(3176689 3176708 3176709): 3176706 3176707
3176703(3176703 3176711): 3176710
3176706(3176706 3176712 3176713 3176714 3176716 3176717): 
3176707(3176707): 3176715 3176718
3176710(3176710 3176731 3176732): 3176728 3176729 3176730
3176715(3176715 3176741 3176742 3176743 3176744 3176745): 
3176718(3176718 3176723 3176724 3176725 3176726 3176727): 3176720 3176721 3176722
3176720(3176720): 
3176721(3176721 3176749 3176750 3176751 3176752 3176753): 
3176722(3176722 3176763 3176764 3176765): 3176762
3176728(3176728 3176739 3176740): 
3176729(3176729 3176746): 
3176730(3176730 3176734 3176735 3176736 3176737 3176738): 3176733
3176733(3176733): 3176771 3176772 3176773
3176747(3176747 3176757 3176758 3176759 3176760 3176761): 3176756
3176756(3176756 3176775 3176776): 3176774
3176762(3176762 3176767 3176768 3176769 3176770): 3176766
3176766(3176766 3176789 3176790 3176791): 3176786 3176787 3176788
3176771(3176771 3176777 3176780 3176781): 
3176772(3176772 3176778 3176779 3176782): 
3176773(3176773 3176785): 3176783 3176784
3176774(3176774): 3176797
3176783(3176783 3176792 3176793 3176794 3176795 3176796): 
3176784(3176784 3176802 3176803 3176804 3176806): 3176800
3176786(3176786): 
3176787(3176787 3176809 3176811 3176812): 
3176788(3176788): 
3176797(3176797 3176807 3176808 3176810): 3176799 3176801 3176805
3176799(3176799): 
3176800(3176800 3176822 3176823): 3176816 3176817 3176819 3176821
3176801(3176801 3176854): 
3176805(3176805): 3176813
3176813(3176813 3176868 3176869 3176870): 3176866 3176867
3176814(3176814 3176836): 3176835
3176816(3176816 3176871 3176874): 
3176817(3176817 3176872 3176873 3176875 3176876): 
3176819(3176819 3176851 3176852 3176853): 
3176821(3176821 3176831 3176832 3176833 3176834): 3176824 3176825 3176826 3176827 3176828 3176829 3176830
3176824(3176824 3176855 3176856 3176857 3176858): 
3176825(3176825): 
3176826(3176826 3176841 3176842): 
3176827(3176827): 
3176828(3176828 3176837 3176838 3176839 3176840): 
3176829(3176829 3176885 3176886 3176888 3176889 3176890): 
3176830(3176830 3176846 3176847 3176848 3176849 3176850): 3176843 3176844 3176845
3176835(3176835 3176861 3176862 3176863 3176864 3176865): 3176859 3176860
3176843(3176843): 
3176844(3176844 3176893): 
3176845(3176845): 3176892
3176859(3176859 3176880 3176881 3176882 3176883 3176884): 
3176860(3176860 3176879): 3176878
3176866(3176866 3176891): 
3176867(3176867): 3176887
3176878(3176878 3176897 3176898 3176899 3176900 3176901): 3176894 3176895 3176896
3176887(3176887 3176907 3176908 3176909 3176910 3176911): 3176904 3176905 3176906
3176892(3176892): 3176914 3176916 3176917
3176894(3176894 3176925 3176926 3176927 3176928 3176929): 
3176895(3176895 3176912): 
3176896(3176896 3176921 3176922 3176923 3176924): 3176920
3176902(3176902 3176932 3176933 3176934): 3176930 3176931
3176904(3176904): 
3176905(3176905 3176913): 
3176906(3176906): 3176915
3176914(3176914 3176918 3176919): 
3176915(3176915): 3176944 3176945 3176946 3176947
3176916(3176916): 
3176917(3176917 3176940 3176941 3176942 3176943): 
3176920(3176920 3176938 3176939): 3176937
3176930(3176930 3176948 3176950): 
3176931(3176931 3176961 3176962): 3176957 3176958 3176959 3176960
3176937(3176937 3176980 3176981 3176982 3176983): 3176978 3176979
3176944(3176944 3176949 3176951): 
3176945(3176945): 
3176946(3176946 3176952 3176953 3176954 3176955 3176956): 
3176947(3176947 3176976 3176977): 3176973 3176974 3176975
3176957(3176957 3176985 3176986 3176989 3176991 3176993): 
3176958(3176958 3176995 3176997 3176998 3176999 3177000): 
3176959(3176959 3176963 3176964 3176965): 
3176960(3176960 3176971 3176972): 3176966 3176968 3176969 3176970
3176966(3176966 3177013): 
3176968(3176968): 
3176969(3176969 3176984 3176987 3176988 3176990 3176992): 
3176970(3176970 3177010 3177012): 3177001 3177003 3177005
3176973(3176973 3177019 3177020 3177021 3177022): 
3176974(3176974 3177023): 
3176975(3176975 3177026): 3177024 3177025
3176978(3176978 3177014 3177015 3177016 3177017 3177018): 
3176979(3176979 3177006 3177007 3177008 3177009 3177011): 3177002 3177004
3177001(3177001): 
3177002(3177002 3177035): 
3177003(3177003 3177027 3177029 3177030): 
3177004(3177004 3177037 3177038 3177039): 3177036
3177005(3177005): 3177028 3177031 3177032 3177033 3177034
3177024(3177024 3177042): 
3177025(3177025): 
3177028(3177028 3177053 3177054): 
3177031(3177031 3177040 3177041): 
3177032(3177032 3177044 3177046 3177047 3177048): 
3177033(3177033 3177043): 
3177034(3177034): 3177056 3177058 3177060 3177061
3177036(3177036 3177049 3177050 3177051 3177052): 3177045
3177045(3177045 3177062 3177063 3177064 3177065 3177066): 3177055 3177057 3177059
3177055(3177055 3177068 3177069): 
3177056(3177056 3177072 3177074): 
3177057(3177057 3177067): 
3177058(3177058 3177078 3177081 3177083 3177084): 
3177059(3177059 3177076 3177077 3177079 3177080 3177082): 3177071
3177060(3177060 3177070 3177073 3177075): 
3177061(3177061 3177091 3177092 3177093): 3177085 3177086 3177087 3177088 3177089 3177090
3177071(3177071): 3177094
3177085(3177085 3177122 3177124): 
3177086(3177086): 
3177087(3177087 3177102 3177105 3177107 3177109): 
3177088(3177088 3177104 3177108): 
3177089(3177089 3177101 3177103 3177106): 
3177090(3177090 3177096 3177097 3177098 3177099 3177100): 3177095
3177094(3177094 3177112 3177113 3177114 3177115 3177116): 3177110 3177111
3177095(3177095 3177118 3177119 3177120 3177121): 3177117
3177110(3177110 3177123): 
3177111(3177111 3177128 3177129): 3177127
3177117(3177117): 3177125 3177126
3177125(3177125): 
3177126(3177126 3177130 3177131 3177132 3177133): 
3177127(3177127 3177138 3177139 3177140): 3177134 3177135 3177136 3177137
3177134(3177134): 
3177135(3177135 3177141 3177142 3177143 3177144): 
3177136(3177136 3177151 3177152 3177153 3177154 3177155): 
3177137(3177137 3177146 3177147 3177148 3177149): 3177145
3177145(3177145 3177159 3177160): 3177156 3177157 3177158
3177156(3177156): 
3177157(3177157 3177161 3177162 3177163): 
3177158(3177158 3177166 3177167 3177168): 3177164 3177165
3177164(3177164 3177169 3177170 3177171 3177172 3177173): 
3177165(3177165 3177175): 3177174
3177174(3177174 3177177 3177178): 3177176
3177176(3177176 3177182 3177183 3177184 3177185): 3177179 3177180 3177181
3177179(3177179 3177186 3177187 3177188 3177189): 
3177180(3177180 3177190): 
3177181(3177181): 
