3187449(3187449 3187457): 3187453 3187454 3187455
3187453(3187453 3187456): 
3187454(3187454 3187458 3187459 3187460): 
3187455(3187455 3187465 3187466 3187468 3187470 3187472): 3187461 3187462 3187463
3187461(3187461 3187464): 
3187462(3187462 3187469 3187471 3187473 3187474): 
3187463(3187463): 3187467
3187467(3187467 3187476): 3187475
3187475(3187475 3187490 3187492): 3187477 3187478 3187481 3187483
3187477(3187477 3187479 3187480): 
3187478(3187478 3187482 3187484 3187486 3187488): 
3187481(3187481 3187485 3187487 3187489 3187491 3187493): 
3187483(3187483 3187498): 3187495 3187496
3187495(3187495 3187497): 
3187496(3187496): 3187499
3187499(3187499 3187505): 3187500 3187501 3187502
3187500(3187500): 
3187501(3187501 3187504): 
3187502(3187502 3187508 3187509): 3187506
3187503(3187503 3187530): 3187529
3187506(3187506 3187514 3187515 3187516 3187519): 3187510 3187511
3187510(3187510 3187512): 
3187511(3187511 3187526 3187527 3187528): 3187517 3187520 3187521 3187522
3187517(3187517 3187546 3187548 3187549 3187550): 
3187520(3187520): 
3187521(3187521 3187523 3187524 3187525): 
3187522(3187522): 3187545
3187529(3187529 3187538 3187539 3187540): 3187531 3187532 3187535
3187531(3187531 3187533 3187534 3187536 3187537): 
3187532(3187532 3187541 3187542 3187543 3187544): 
3187535(3187535 3187561 3187562 3187563 3187564 3187565): 3187559 3187560
3187545(3187545 3187554 3187555 3187556 3187558): 3187547 3187551 3187552
3187547(3187547): 
3187551(3187551 3187553): 
3187552(3187552): 3187557
3187557(3187557 3187576 3187577 3187578 3187579): 
3187559(3187559 3187567 3187568 3187569): 
3187560(3187560 3187572 3187573): 3187570 3187571
3187570(3187570): 
3187571(3187571 3187585 3187586 3187587 3187588 3187589): 3187580 3187581 3187582 3187583 3187584
3187574(3187574): 3187598
3187580(3187580 3187594 3187595): 
3187581(3187581 3187608 3187609 3187611 3187612): 
3187582(3187582): 
3187583(3187583 3187602 3187603 3187604 3187606 3187607): 
3187584(3187584 3187591 3187592 3187593): 3187590
3187590(3187590 3187605): 3187601
3187598(3187598 3187600): 3187599
3187599(3187599): 3187613
3187601(3187601 3187641 3187643 3187644 3187645 3187646): 3187639
3187613(3187613 3187616 3187617 3187618 3187619 3187620): 3187614 3187615
3187614(3187614 3187664): 
3187615(3187615 3187622 3187623 3187624): 3187621
3187621(3187621 3187647 3187648 3187649): 3187640 3187642
3187625(3187625 3187630 3187631): 3187629
3187629(3187629 3187634 3187635 3187636 3187637 3187638): 3187632 3187633
3187632(3187632 3187665 3187666 3187667 3187668): 
3187633(3187633 3187702 3187703 3187704): 3187692 3187694 3187695 3187696 3187697 3187698 3187699 3187700 3187701
3187639(3187639 3187652 3187653 3187654): 3187651
3187640(3187640 3187662 3187663): 
3187642(3187642 3187659 3187660 3187661): 3187657 3187658
3187651(3187651 3187687 3187689 3187690): 3187684
3187655(3187655): 3187671
3187657(3187657 3187676 3187677 3187678): 
3187658(3187658 3187685 3187686 3187688): 3187683
3187671(3187671 3187675): 3187672 3187673 3187674
3187672(3187672): 
3187673(3187673 3187679 3187680 3187681 3187682): 
3187674(3187674 3187746 3187747): 3187743
3187683(3187683): 3187693
3187684(3187684 3187709 3187710 3187711): 3187706
3187692(3187692 3187722 3187723 3187724 3187726 3187727): 
3187693(3187693 3187749 3187750 3187751): 3187745 3187748
3187694(3187694 3187705 3187707 3187708): 
3187695(3187695 3187742 3187744): 
3187696(3187696 3187731 3187733 3187734): 
3187697(3187697 3187713 3187714 3187715 3187716 3187717): 
3187698(3187698): 
3187699(3187699 3187718 3187719 3187720 3187721): 
3187700(3187700 3187712): 
3187701(3187701 3187728 3187729 3187730 3187732): 3187725
3187706(3187706 3187736 3187737 3187738 3187739): 3187735
3187725(3187725 3187755 3187756 3187757 3187758 3187759): 3187752 3187753 3187754
3187735(3187735 3187778): 3187769 3187770 3187771 3187772 3187773 3187774 3187775 3187776 3187777
3187743(3187743): 3187779
3187745(3187745 3187760 3187761 3187762): 
3187748(3187748 3187764 3187765 3187766 3187767 3187768): 3187763
3187752(3187752): 
3187753(3187753 3187786 3187787 3187788): 
3187754(3187754 3187781 3187782 3187783 3187784 3187785): 3187780
3187763(3187763): 3187804
3187769(3187769 3187794 3187796 3187798 3187799): 
3187770(3187770 3187790 3187791): 
3187771(3187771): 
3187772(3187772): 
3187773(3187773): 
3187774(3187774 3187803 3187805): 
3187775(3187775): 
3187776(3187776 3187806 3187807 3187808 3187809 3187810): 
3187777(3187777 3187812 3187813 3187814 3187815 3187816): 3187811
3187779(3187779 3187793 3187795 3187797): 3187789 3187792
3187780(3187780 3187801 3187802): 3187800
3187789(3187789 3187817 3187818 3187819): 
3187792(3187792 3187821 3187822 3187823): 3187820
3187800(3187800 3187831 3187832 3187833): 3187824 3187826 3187829 3187830
3187804(3187804 3187836 3187837 3187838 3187839): 3187834 3187835
3187811(3187811 3187827 3187828): 3187825
3187820(3187820 3187856): 3187855
3187824(3187824): 
3187825(3187825): 
3187826(3187826 3187843 3187845): 
3187829(3187829 3187842 3187844 3187846 3187847 3187848): 
3187830(3187830 3187841): 3187840
3187834(3187834 3187857 3187858 3187859): 
3187835(3187835 3187862 3187863 3187864): 3187860 3187861
3187840(3187840 3187850 3187851 3187852 3187853 3187854): 3187849
3187849(3187849 3187866 3187867 3187868 3187869 3187870): 3187865
3187855(3187855 3187872 3187873 3187874 3187875): 3187871
3187860(3187860 3187877 3187878 3187879): 
3187861(3187861 3187887 3187888 3187889): 3187886
3187865(3187865 3187893): 3187892
3187871(3187871 3187882 3187883 3187884): 3187880 3187881
3187880(3187880 3187890): 
3187881(3187881): 3187891
3187886(3187886): 3187894
3187891(3187891 3187901 3187902 3187903 3187904): 3187899 3187900
3187892(3187892 3187896 3187897 3187898): 3187895
3187894(3187894 3187907 3187908 3187909 3187910): 3187905 3187906
3187895(3187895 3187912 3187913): 3187911
3187899(3187899 3187919 3187920 3187921 3187922 3187923): 
3187900(3187900 3187926 3187927 3187928 3187929): 3187924 3187925
3187905(3187905 3187914): 
3187906(3187906): 3187915 3187916
3187911(3187911): 3187917 3187918
3187915(3187915 3187930): 
3187916(3187916 3187936 3187937 3187938 3187939 3187940): 3187934 3187935
3187917(3187917 3187931 3187932 3187933): 
3187918(3187918 3187948 3187949 3187950): 3187946 3187947
3187924(3187924 3187941 3187942 3187943 3187944 3187945): 
3187925(3187925 3187955 3187956 3187957 3187958 3187959): 3187951 3187952 3187953 3187954
3187934(3187934 3187960 3187961 3187962): 
3187935(3187935): 
3187946(3187946 3187963 3187964 3187965): 
3187947(3187947 3187967 3187968 3187969): 3187966
3187951(3187951): 
3187952(3187952): 
3187953(3187953 3187970): 
3187954(3187954 3187972 3187973 3187974 3187975): 3187971
3187966(3187966): 3187976
3187971(3187971): 3187977
3187976(3187976): 3187978 3187979
3187977(3187977 3187980 3187981 3187982): 
3187978(3187978 3187986): 
3187979(3187979 3187985): 3187983 3187984
3187983(3187983 3187987 3187988 3187989): 
3187984(3187984): 3187990
3187990(3187990 3187995 3187996 3187997): 3187991 3187992 3187993 3187994
3187991(3187991): 
3187992(3187992 3187998 3187999 3188000 3188001): 
3187993(3187993 3188002 3188003 3188004): 
3187994(3187994): 
