3181891(3181891 3181900 3181903 3181905 3181907): 3181895 3181896 3181897
3181895(3181895 3181898 3181899 3181902 3181906 3181909): 
3181896(3181896 3181901 3181904 3181908 3181911): 
3181897(3181897 3181913 3181915): 3181910 3181912
3181910(3181910 3181914 3181916): 
3181912(3181912): 3181917
3181917(3181917 3181919 3181921 3181922 3181923 3181924): 3181918
3181918(3181918 3181934 3181937 3181939 3181940 3181941): 3181920 3181925 3181928
3181920(3181920 3181926 3181927 3181929 3181931): 
3181925(3181925 3181930 3181932 3181933 3181935 3181936): 
3181928(3181928 3181942): 3181938
3181938(3181938 3181944 3181945 3181946): 3181943
3181943(3181943): 3181948
3181948(3181948 3181961): 3181956 3181960
3181949(3181949 3181953): 3181951 3181952
3181951(3181951 3181957 3181958 3181959): 
3181952(3181952 3181968): 3181967
3181956(3181956 3181975 3181976 3181977): 
3181960(3181960 3181963 3181964 3181965 3181966): 3181962
3181962(3181962): 3181981 3181983
3181967(3181967 3181971 3181972 3181973 3181974): 3181970
3181970(3181970): 3181980 3181982 3181984
3181978(3181978 3181986 3181987): 3181985
3181980(3181980 3181990 3181991 3181992): 
3181981(3181981 3181994 3181996 3181999 3182000 3182001): 
3181982(3181982 3181993 3181995): 
3181983(3181983 3182006 3182007): 3181998 3182003 3182004 3182005
3181984(3181984 3182002): 3181997
3181985(3181985): 3182008 3182009 3182010
3181997(3181997 3182037 3182038 3182039 3182040): 3182034 3182036
3181998(3181998): 
3182003(3182003): 
3182004(3182004 3182032 3182033 3182035): 
3182005(3182005): 3182012 3182013 3182014
3182008(3182008 3182025 3182026 3182027 3182028 3182029): 
3182009(3182009 3182015 3182016 3182017 3182018): 
3182010(3182010 3182021 3182022 3182023 3182024): 3182020
3182012(3182012): 
3182013(3182013 3182019): 
3182014(3182014 3182048): 3182046 3182047
3182020(3182020): 3182045
3182030(3182030 3182056 3182057): 3182055
3182034(3182034 3182044): 
3182036(3182036 3182043): 3182041 3182042
3182041(3182041 3182049): 
3182042(3182042 3182059 3182060): 3182058
3182045(3182045 3182062 3182063): 3182061
3182046(3182046 3182050 3182051 3182053): 
3182047(3182047 3182065 3182066 3182067 3182068 3182070): 3182064
3182055(3182055 3182074 3182075 3182076 3182077 3182078): 3182073
3182058(3182058 3182087 3182088 3182089): 3182085 3182086
3182061(3182061 3182094 3182095 3182096): 3182090 3182091 3182092 3182093
3182064(3182064 3182071 3182072): 3182069
3182069(3182069 3182104 3182105 3182106 3182107): 3182100 3182103
3182073(3182073 3182081 3182082 3182083 3182084): 3182080
3182080(3182080 3182101 3182102): 3182099
3182085(3182085 3182110 3182111 3182112 3182113 3182114): 
3182086(3182086 3182109): 3182108
3182090(3182090 3182132 3182133 3182134): 
3182091(3182091): 
3182092(3182092 3182125 3182126 3182128 3182129 3182130): 
3182093(3182093 3182119 3182120 3182121 3182122 3182123): 3182115
3182097(3182097 3182136 3182137 3182138): 3182135
3182099(3182099 3182117 3182118): 3182116
3182100(3182100 3182124): 
3182103(3182103 3182141 3182142 3182143 3182144 3182145): 3182139 3182140
3182108(3182108 3182147): 3182146
3182115(3182115 3182154 3182155): 3182150
3182116(3182116 3182162 3182163 3182165 3182167 3182169): 3182160
3182135(3182135 3182157): 3182149 3182153 3182156
3182139(3182139 3182148 3182151 3182152): 
3182140(3182140 3182173): 3182171
3182146(3182146 3182164 3182166 3182168 3182170): 3182161
3182149(3182149): 
3182150(3182150 3182187): 3182185 3182186
3182153(3182153 3182159): 
3182156(3182156 3182176 3182177 3182178 3182179): 3182175
3182160(3182160 3182201 3182202 3182203 3182204): 3182189 3182192 3182197 3182200
3182161(3182161 3182183 3182184): 3182180 3182181 3182182
3182171(3182171 3182194): 3182191
3182175(3182175 3182193 3182195 3182196 3182198 3182199): 3182188 3182190
3182180(3182180 3182230 3182233): 
3182181(3182181 3182245): 
3182182(3182182 3182247 3182248 3182249 3182250): 3182241 3182244 3182246
3182185(3182185 3182206 3182207 3182208): 
3182186(3182186 3182225 3182226 3182227 3182228 3182229): 3182224
3182188(3182188 3182232 3182235 3182238 3182242): 
3182189(3182189 3182221 3182222 3182223): 
3182190(3182190 3182256 3182258 3182259): 3182252
3182191(3182191 3182272 3182273 3182274): 3182269
3182192(3182192 3182218 3182219 3182220): 
3182197(3182197 3182251 3182254 3182255): 
3182200(3182200 3182215 3182216 3182217): 3182205 3182209 3182210 3182211 3182212 3182213 3182214
3182205(3182205 3182265 3182266): 
3182209(3182209): 
3182210(3182210 3182231 3182234 3182237 3182240): 
3182211(3182211 3182267 3182268 3182270 3182271): 
3182212(3182212): 
3182213(3182213 3182236 3182239 3182243): 
3182214(3182214 3182257): 3182253
3182224(3182224): 3182289
3182241(3182241 3182275 3182276 3182277 3182278): 
3182244(3182244 3182279): 
3182246(3182246 3182283 3182284 3182285 3182286): 3182280 3182281 3182282
3182252(3182252): 3182287
3182253(3182253 3182261 3182262 3182263 3182264): 3182260
3182260(3182260 3182293): 3182288 3182290 3182291 3182292
3182269(3182269 3182295 3182296 3182297): 3182294
3182280(3182280 3182312 3182313 3182315 3182318): 
3182281(3182281 3182302): 
3182282(3182282): 3182306
3182287(3182287 3182300): 3182298 3182299
3182288(3182288 3182321 3182322): 
3182289(3182289): 3182308 3182309 3182310 3182311
3182290(3182290 3182314 3182316): 
3182291(3182291 3182301 3182303 3182304 3182305 3182307): 
3182292(3182292 3182319 3182320): 3182317
3182294(3182294): 3182323
3182298(3182298 3182324 3182326 3182328): 
3182299(3182299 3182329): 3182325
3182306(3182306 3182354 3182357): 
3182308(3182308 3182340 3182342 3182343 3182344): 
3182309(3182309): 
3182310(3182310 3182348 3182349 3182350 3182351 3182352): 
3182311(3182311 3182333): 3182327 3182330 3182331 3182332
3182317(3182317 3182336 3182337 3182338 3182339): 3182334 3182335
3182323(3182323): 
3182325(3182325 3182345 3182346 3182347): 3182341
3182327(3182327 3182353 3182356 3182358 3182359): 
3182330(3182330): 
3182331(3182331 3182355): 
3182332(3182332 3182374 3182375 3182376 3182377): 3182373
3182334(3182334 3182360 3182361 3182362): 
3182335(3182335 3182369 3182370 3182371 3182372): 3182363 3182364 3182365 3182366 3182367 3182368
3182341(3182341 3182379 3182380 3182381): 3182378
3182363(3182363 3182382 3182383): 
3182364(3182364 3182408 3182410 3182411 3182412): 
3182365(3182365 3182399 3182400): 
3182366(3182366 3182407 3182409): 
3182367(3182367 3182404 3182405 3182406): 
3182368(3182368 3182386 3182387 3182388 3182389 3182390): 3182384 3182385
3182373(3182373 3182396 3182397 3182398): 3182391 3182392 3182393 3182394 3182395
3182378(3182378 3182417 3182418 3182419 3182420): 3182415
3182384(3182384 3182413 3182414 3182416): 
3182385(3182385 3182402 3182403): 3182401
3182391(3182391): 
3182392(3182392): 
3182393(3182393): 
3182394(3182394 3182425 3182426 3182427 3182428 3182429): 
3182395(3182395 3182422 3182423): 3182421
3182401(3182401 3182435 3182436 3182438 3182439): 3182431 3182433
3182415(3182415 3182442 3182443 3182444 3182445): 3182430 3182432 3182434 3182437 3182440 3182441
3182421(3182421): 
3182430(3182430 3182457 3182458): 
3182431(3182431 3182451 3182453 3182454): 
3182432(3182432 3182446 3182447 3182448 3182449): 
3182433(3182433): 3182455 3182456
3182434(3182434): 
3182437(3182437 3182450 3182452): 
3182440(3182440 3182462 3182463 3182464 3182465 3182466): 
3182441(3182441 3182461): 3182459 3182460
3182455(3182455 3182473 3182475 3182478 3182480): 
3182456(3182456 3182472 3182474 3182477 3182479 3182481): 
3182459(3182459 3182467 3182468 3182469 3182470 3182471): 
3182460(3182460 3182482): 3182476
3182476(3182476): 3182483
3182483(3182483 3182487 3182488 3182489 3182490 3182491): 3182484 3182485 3182486
3182484(3182484): 
3182485(3182485 3182492 3182493 3182494 3182495 3182496): 
3182486(3182486 3182498): 3182497
3182497(3182497 3182500): 3182499
3182499(3182499 3182502 3182503 3182504): 3182501
3182501(3182501 3182506 3182507 3182508 3182509): 3182505
3182505(3182505): 3182510 3182511
3182510(3182510 3182512 3182513 3182514 3182515 3182516): 
3182511(3182511): 3182517
3182517(3182517 3182518): 
