3171887(3171887 3171898 3171899): 3171891 3171892 3171894 3171897
3171891(3171891 3171893 3171895 3171896): 
3171892(3171892): 
3171894(3171894): 
3171897(3171897): 3171900
3171900(3171900 3171902 3171903): 3171901
3171901(3171901 3171905 3171907 3171908 3171909): 3171904
3171904(3171904): 3171906 3171910
3171906(3171906 3171911 3171912): 
3171910(3171910 3171935 3171936 3171938 3171939): 3171913 3171914 3171917 3171922 3171925 3171929 3171933
3171913(3171913 3171915 3171916 3171918 3171919): 
3171914(3171914 3171920 3171921 3171923 3171924): 
3171917(3171917): 
3171922(3171922 3171926 3171927 3171928 3171930): 
3171925(3171925 3171931 3171932): 
3171929(3171929 3171934): 
3171933(3171933 3171943): 3171937 3171940
3171937(3171937 3171942): 
3171940(3171940 3171945 3171946 3171947 3171948 3171949): 3171944
3171944(3171944 3171951 3171952 3171953): 3171950
3171950(3171950 3171955 3171956 3171957 3171958 3171959): 3171954
3171954(3171954 3171983 3171984 3171985 3171986): 3171982
3171960(3171960 3171964): 3171962 3171963
3171962(3171962 3171975 3171977 3171979 3171980 3171981): 
3171963(3171963 3171968 3171969 3171970 3171971 3171972): 3171965 3171966 3171967
3171965(3171965): 
3171966(3171966 3171976 3171978): 
3171967(3171967 3171995 3171996 3171998 3171999 3172000): 3171993 3171994
3171982(3171982 3171989 3171990 3171991): 3171987 3171988
3171987(3171987 3171992): 
3171988(3171988): 
3171993(3171993 3172001 3172002): 
3171994(3171994 3172007 3172008 3172009 3172010): 3172003 3172004 3172005 3172006
3172003(3172003 3172035 3172036): 
3172004(3172004 3172031 3172032 3172033 3172034): 
3172005(3172005 3172025 3172026 3172027): 
3172006(3172006 3172020 3172021 3172022 3172023): 3172014 3172018
3172011(3172011 3172015 3172016 3172017 3172019): 3172013
3172013(3172013): 3172024 3172028
3172014(3172014 3172043 3172044 3172045): 
3172018(3172018 3172040 3172041 3172042): 3172037 3172038 3172039
3172024(3172024): 
3172028(3172028): 3172059
3172037(3172037 3172054 3172055): 
3172038(3172038 3172047 3172048 3172049 3172050 3172051): 
3172039(3172039 3172053): 3172052
3172052(3172052 3172057): 3172056
3172056(3172056): 3172058
3172058(3172058 3172071): 3172069 3172070
3172059(3172059): 3172060 3172061
3172060(3172060 3172073 3172074): 
3172061(3172061 3172066 3172067 3172068): 3172062 3172063 3172064 3172065
3172062(3172062 3172093 3172094 3172095): 
3172063(3172063 3172080 3172081 3172082): 
3172064(3172064 3172084 3172085 3172086 3172087 3172089): 
3172065(3172065 3172077 3172078): 3172075
3172069(3172069 3172096 3172097 3172098): 
3172070(3172070 3172079): 3172076
3172075(3172075 3172090 3172091 3172092): 3172083 3172088
3172076(3172076 3172135 3172136): 3172133
3172083(3172083 3172127 3172128 3172129 3172130 3172131): 
3172088(3172088 3172104 3172105 3172106 3172107): 3172103
3172099(3172099 3172113 3172115): 3172108 3172109 3172110 3172111
3172103(3172103 3172122 3172123): 3172118 3172121
3172108(3172108): 
3172109(3172109 3172116 3172117 3172119 3172120): 
3172110(3172110 3172112 3172114): 
3172111(3172111 3172125 3172126): 3172124
3172118(3172118 3172155 3172157 3172158 3172159 3172160): 
3172121(3172121 3172163): 3172156 3172161 3172162
3172124(3172124 3172137): 3172132 3172134
3172132(3172132 3172144 3172145 3172146): 
3172133(3172133 3172140 3172141 3172142 3172143): 3172138 3172139
3172134(3172134 3172169 3172170 3172171 3172172): 3172164 3172165 3172166 3172167 3172168
3172138(3172138 3172173 3172175 3172177): 
3172139(3172139 3172154): 3172148 3172149 3172150 3172151 3172152 3172153
3172148(3172148 3172235 3172236 3172237 3172238): 
3172149(3172149): 
3172150(3172150 3172186 3172188): 
3172151(3172151 3172185 3172189 3172191 3172194): 
3172152(3172152 3172195 3172197 3172198 3172200 3172203): 
3172153(3172153 3172182 3172183 3172184): 3172178
3172156(3172156 3172210 3172212): 
3172161(3172161 3172174 3172176 3172179 3172180 3172181): 
3172162(3172162 3172196 3172199 3172201): 3172192
3172164(3172164 3172207 3172208): 
3172165(3172165 3172202 3172204 3172205 3172206): 
3172166(3172166): 
3172167(3172167 3172187 3172190 3172193): 
3172168(3172168 3172217 3172218 3172219 3172220 3172221): 3172211 3172214 3172215 3172216
3172178(3172178 3172230 3172231 3172232): 3172229
3172192(3172192 3172223 3172224): 3172222
3172209(3172209 3172241 3172242 3172243 3172244): 3172239 3172240
3172211(3172211 3172225 3172226 3172227 3172228): 
3172214(3172214): 
3172215(3172215 3172252 3172253 3172255 3172256 3172257): 
3172216(3172216 3172261 3172262): 3172260
3172222(3172222 3172247 3172248 3172249 3172250 3172251): 3172245 3172246
3172229(3172229 3172278 3172279 3172280 3172281): 3172277
3172239(3172239 3172283 3172284): 
3172240(3172240 3172258 3172259): 3172254
3172245(3172245 3172272 3172273 3172274 3172275 3172276): 
3172246(3172246 3172264): 3172263
3172254(3172254 3172293 3172294 3172295 3172296 3172297): 3172286 3172287 3172288 3172289 3172290 3172291 3172292
3172260(3172260 3172268 3172269 3172270 3172271): 3172265 3172266 3172267
3172263(3172263 3172305 3172306): 3172304
3172265(3172265 3172312 3172313): 
3172266(3172266 3172285): 
3172267(3172267 3172319 3172320 3172321): 3172314 3172315 3172316 3172317 3172318
3172277(3172277 3172300 3172301 3172302): 3172298 3172299
3172286(3172286 3172336 3172337 3172338 3172339 3172340): 
3172287(3172287): 
3172288(3172288 3172324 3172326 3172327 3172328 3172329): 
3172289(3172289): 
3172290(3172290 3172330): 
3172291(3172291 3172307 3172308 3172309): 
3172292(3172292 3172332 3172333 3172334 3172335): 3172331
3172298(3172298 3172322 3172323 3172325): 
3172299(3172299): 
3172304(3172304): 
3172314(3172314): 
3172315(3172315 3172346 3172347 3172348 3172349): 
3172316(3172316 3172350 3172351): 
3172317(3172317 3172352 3172353 3172354 3172355 3172356): 
3172318(3172318 3172342 3172343 3172344 3172345): 3172341
3172331(3172331): 3172357 3172358 3172359 3172360 3172361
3172341(3172341): 
3172357(3172357): 
3172358(3172358 3172365 3172366): 
3172359(3172359 3172362 3172363): 
3172360(3172360 3172364): 
3172361(3172361): 3172367 3172368 3172369 3172370 3172371 3172372
3172367(3172367 3172374 3172375 3172376 3172377): 
3172368(3172368 3172385 3172386): 
3172369(3172369): 
3172370(3172370 3172390 3172391): 
3172371(3172371 3172373): 
3172372(3172372 3172380 3172381 3172382 3172383 3172384): 3172378 3172379
3172378(3172378 3172387): 
3172379(3172379 3172389): 3172388
3172388(3172388 3172393 3172394 3172395 3172396): 3172392
3172392(3172392 3172399 3172400 3172401 3172402 3172403): 3172397 3172398
3172397(3172397 3172408 3172409 3172410 3172411 3172412): 
3172398(3172398 3172405 3172406 3172407): 3172404
3172404(3172404): 
