3197330(3197330 3197335 3197336 3197337): 3197334
3197334(3197334 3197339 3197340 3197341): 3197338
3197338(3197338 3197343 3197344 3197345): 3197342
3197342(3197342 3197347): 3197346
3197346(3197346 3197355 3197361 3197363 3197365): 3197348 3197349 3197350
3197348(3197348 3197351 3197352 3197354 3197356 3197359): 
3197349(3197349 3197353 3197357 3197360 3197362 3197364): 
3197350(3197350 3197369 3197370 3197371): 3197358 3197366 3197367
3197358(3197358): 
3197366(3197366 3197368): 
3197367(3197367 3197373): 3197372
3197372(3197372 3197375): 3197374
3197374(3197374 3197377 3197378 3197380): 3197376
3197376(3197376 3197382 3197384 3197385 3197386): 3197379
3197379(3197379): 3197383 3197387 3197390 3197392 3197394
3197383(3197383 3197388 3197389): 
3197387(3197387): 
3197390(3197390 3197391 3197393): 
3197392(3197392 3197395): 
3197394(3197394 3197407 3197409 3197410 3197412 3197413): 3197396 3197397 3197402
3197396(3197396 3197398 3197399 3197400 3197401): 
3197397(3197397 3197403 3197404 3197405 3197406 3197408): 
3197402(3197402 3197414): 3197411
3197411(3197411 3197419 3197420 3197421): 3197417
3197415(3197415 3197431 3197432 3197433): 3197428 3197429 3197430
3197417(3197417 3197424 3197425 3197426 3197427): 3197423
3197423(3197423): 3197445 3197446
3197428(3197428): 
3197429(3197429 3197436 3197437 3197438): 
3197430(3197430): 3197434 3197435
3197434(3197434 3197439): 
3197435(3197435 3197441 3197442 3197443): 3197440
3197440(3197440 3197448 3197449 3197450): 3197447
3197445(3197445 3197453 3197454 3197455 3197456 3197457): 
3197446(3197446 3197466 3197467 3197468): 3197459 3197461 3197464 3197465
3197447(3197447): 3197458 3197460 3197462 3197463
3197451(3197451): 3197471 3197472
3197458(3197458 3197489 3197490 3197491 3197492): 
3197459(3197459 3197473 3197475 3197476 3197477): 
3197460(3197460): 
3197461(3197461 3197494 3197495 3197496 3197497): 
3197462(3197462 3197505 3197506 3197507): 
3197463(3197463): 3197474 3197478 3197479
3197464(3197464 3197508 3197510 3197511 3197512 3197513): 
3197465(3197465 3197482 3197483): 3197480
3197471(3197471): 
3197472(3197472 3197485 3197486 3197487 3197488): 3197481 3197484
3197474(3197474 3197498 3197499): 
3197478(3197478 3197500 3197501 3197502 3197503 3197504): 
3197479(3197479 3197516 3197517 3197518 3197519): 3197509 3197514
3197480(3197480 3197521 3197522): 3197515 3197520
3197481(3197481): 
3197484(3197484 3197536): 3197533 3197535
3197509(3197509 3197534): 
3197514(3197514 3197551 3197552 3197553): 3197547 3197550
3197515(3197515 3197528 3197529 3197530 3197531 3197532): 
3197520(3197520 3197525 3197526 3197527): 3197523 3197524
3197523(3197523 3197548): 
3197524(3197524): 3197549
3197533(3197533): 
3197535(3197535): 3197560 3197561
3197537(3197537 3197542 3197543 3197544 3197545 3197546): 3197541
3197541(3197541 3197555 3197556 3197557 3197558 3197559): 3197554
3197547(3197547 3197563 3197564 3197566 3197567 3197568): 
3197549(3197549): 3197575
3197550(3197550 3197570 3197571 3197572 3197573 3197574): 3197569
3197554(3197554 3197581 3197583 3197586 3197588): 3197579
3197560(3197560 3197576 3197577 3197578): 
3197561(3197561): 3197565
3197565(3197565 3197601 3197602 3197603 3197604 3197606): 3197593 3197595 3197597 3197599
3197569(3197569 3197582 3197584 3197585 3197587): 3197580
3197575(3197575 3197589 3197590): 
3197579(3197579): 3197613 3197614 3197615
3197580(3197580 3197607 3197608 3197609): 3197594 3197596 3197598 3197600 3197605
3197591(3197591 3197647 3197648): 3197646
3197593(3197593): 
3197594(3197594 3197631 3197633 3197634 3197635): 
3197595(3197595 3197640 3197643): 
3197596(3197596 3197639 3197642): 
3197597(3197597 3197610 3197611 3197612): 
3197598(3197598 3197624 3197625 3197626 3197628): 
3197599(3197599 3197617): 3197616
3197600(3197600 3197636 3197637 3197638): 
3197605(3197605 3197629 3197630 3197632): 3197627
3197613(3197613 3197649 3197651 3197652 3197653): 
3197614(3197614 3197622 3197623): 
3197615(3197615 3197619 3197620 3197621): 3197618
3197616(3197616): 3197641
3197618(3197618 3197655 3197656 3197657 3197658): 3197650 3197654
3197627(3197627 3197662): 3197660
3197641(3197641 3197663): 3197659 3197661
3197646(3197646 3197675 3197676 3197677 3197678 3197679): 3197674
3197650(3197650 3197680): 
3197654(3197654 3197671 3197672): 3197664 3197666
3197659(3197659 3197681 3197682 3197683 3197684 3197685): 
3197660(3197660 3197687 3197689 3197690 3197691): 3197686
3197661(3197661 3197667 3197668 3197669 3197670): 3197665
3197664(3197664 3197707 3197710 3197712 3197714 3197717): 
3197665(3197665 3197702): 3197699 3197700 3197701
3197666(3197666 3197720): 3197706 3197718
3197674(3197674 3197695): 3197693 3197694
3197686(3197686): 3197696 3197697 3197698
3197693(3197693 3197703): 
3197694(3197694 3197725 3197726 3197727): 3197709 3197716 3197719 3197721 3197722 3197723 3197724
3197696(3197696 3197708 3197711 3197713 3197715): 
3197697(3197697 3197739 3197740 3197741 3197742): 
3197698(3197698 3197734 3197735 3197736 3197737 3197738): 
3197699(3197699 3197704 3197705): 
3197700(3197700 3197728): 
3197701(3197701): 
3197706(3197706 3197743): 
3197709(3197709 3197769 3197770 3197771 3197772 3197773): 
3197716(3197716 3197744 3197745 3197746): 
3197718(3197718 3197730 3197731 3197732 3197733): 3197729
3197719(3197719 3197747 3197748 3197749 3197750): 
3197721(3197721): 
3197722(3197722 3197774 3197775): 
3197723(3197723 3197751): 
3197724(3197724): 3197752
3197729(3197729 3197756 3197757 3197758 3197759 3197760): 3197753 3197754 3197755
3197752(3197752 3197778 3197779): 3197776 3197777
3197753(3197753 3197761 3197762): 
3197754(3197754 3197763 3197764 3197765 3197766 3197767): 
3197755(3197755): 3197768
3197768(3197768 3197783 3197784 3197785): 3197780 3197781 3197782
3197776(3197776 3197794 3197795 3197796 3197797 3197798): 
3197777(3197777 3197790 3197791 3197792 3197793): 3197786 3197787 3197788 3197789
3197780(3197780 3197805 3197806 3197807 3197808): 
3197781(3197781 3197799 3197801 3197802 3197803 3197804): 
3197782(3197782): 3197809
3197786(3197786): 
3197787(3197787): 
3197788(3197788 3197800): 
3197789(3197789 3197812): 3197810 3197811
3197809(3197809 3197825): 3197819 3197820 3197821 3197822 3197823 3197824
3197810(3197810 3197814 3197815 3197816 3197817 3197818): 
3197811(3197811): 3197813
3197813(3197813 3197841 3197842): 3197839 3197840
3197819(3197819): 
3197820(3197820 3197831 3197832 3197833 3197834): 
3197821(3197821 3197826 3197827): 
3197822(3197822): 
3197823(3197823 3197828 3197829 3197830): 
3197824(3197824 3197836 3197837 3197838): 3197835
3197835(3197835 3197847 3197849 3197850): 3197846
3197839(3197839 3197843 3197844 3197845): 
3197840(3197840 3197853 3197854 3197855 3197856): 3197848 3197851 3197852
3197846(3197846 3197872 3197873 3197874): 3197871
3197848(3197848 3197857 3197858): 
3197851(3197851 3197859 3197860 3197861 3197862 3197863): 
3197852(3197852 3197866 3197867 3197868 3197869 3197870): 3197864 3197865
3197864(3197864 3197878): 
3197865(3197865 3197876): 3197875
3197871(3197871): 3197880
3197875(3197875 3197881 3197882 3197883 3197884): 3197879
3197879(3197879 3197889 3197890): 3197885 3197886 3197887 3197888
3197880(3197880 3197893): 3197891 3197892
3197885(3197885 3197901 3197902): 
3197886(3197886): 
3197887(3197887 3197896): 
3197888(3197888): 3197894
3197891(3197891 3197895): 
3197892(3197892 3197898 3197899 3197900): 3197897
3197894(3197894 3197903): 
3197897(3197897): 3197904
3197904(3197904): 
