3192467(3192467 3192474 3192476 3192477): 3192471 3192472
3192471(3192471 3192473 3192475): 
3192472(3192472 3192479): 3192478
3192478(3192478 3192481 3192482 3192483 3192485 3192486): 3192480
3192480(3192480 3192487 3192488): 3192484
3192484(3192484 3192491 3192493 3192494): 3192489 3192490
3192489(3192489): 
3192490(3192490): 3192492 3192495
3192492(3192492): 
3192495(3192495 3192506 3192507): 3192496 3192497 3192501
3192496(3192496 3192498 3192499 3192500 3192502): 
3192497(3192497 3192503 3192504 3192505): 
3192501(3192501 3192515 3192516 3192517): 3192508 3192510 3192511
3192508(3192508): 
3192510(3192510 3192512 3192513 3192514): 
3192511(3192511 3192519 3192520 3192521): 3192518
3192518(3192518 3192536 3192537): 3192532
3192522(3192522 3192525 3192526 3192527 3192528 3192529): 3192524
3192524(3192524): 3192530
3192530(3192530 3192533 3192534 3192535): 3192531
3192531(3192531 3192566 3192567 3192568 3192569 3192570): 3192564 3192565
3192532(3192532 3192540 3192541 3192542 3192543): 3192538 3192539
3192538(3192538 3192582 3192583 3192584): 
3192539(3192539 3192548 3192549 3192550 3192551): 3192544 3192545 3192546 3192547
3192544(3192544 3192562 3192563): 
3192545(3192545 3192552 3192553 3192554 3192555): 
3192546(3192546 3192594 3192595 3192596): 
3192547(3192547 3192558 3192559 3192560 3192561): 3192556 3192557
3192556(3192556 3192579): 
3192557(3192557): 3192580 3192581
3192564(3192564): 
3192565(3192565 3192574 3192575 3192576 3192577 3192578): 3192573
3192573(3192573 3192593): 3192591 3192592
3192580(3192580 3192585 3192586 3192587 3192588 3192589): 
3192581(3192581): 
3192591(3192591 3192599 3192600 3192601 3192602 3192603): 
3192592(3192592 3192607 3192608): 3192604 3192605 3192606
3192597(3192597): 3192612 3192613 3192614
3192604(3192604): 
3192605(3192605 3192609): 
3192606(3192606 3192619 3192620 3192621): 3192616 3192618
3192612(3192612 3192630 3192631 3192632): 
3192613(3192613 3192615 3192617): 
3192614(3192614 3192625 3192626 3192627 3192628 3192629): 3192622 3192623 3192624
3192616(3192616 3192634 3192636 3192637 3192638 3192639): 
3192618(3192618 3192655 3192656 3192657 3192658 3192659): 3192651
3192622(3192622 3192649): 
3192623(3192623 3192635): 
3192624(3192624 3192645 3192646): 3192640 3192641 3192642 3192643 3192644
3192640(3192640 3192664 3192665 3192666 3192667): 
3192641(3192641 3192673 3192674 3192675 3192677): 
3192642(3192642 3192650 3192652 3192653 3192654): 
3192643(3192643 3192661): 
3192644(3192644): 3192662 3192663
3192647(3192647 3192715 3192716 3192717 3192718 3192719): 3192708 3192709 3192711 3192712 3192713 3192714
3192651(3192651): 3192660
3192660(3192660 3192679 3192680 3192681 3192682 3192683): 3192676 3192678
3192662(3192662 3192670 3192671 3192672): 
3192663(3192663 3192686 3192687 3192688 3192689 3192690): 3192684 3192685
3192676(3192676 3192691 3192692 3192693 3192694 3192695): 
3192678(3192678): 3192697
3192684(3192684 3192702 3192703 3192704): 
3192685(3192685 3192698 3192699 3192700): 3192696
3192696(3192696 3192728 3192729 3192730 3192731): 3192727
3192697(3192697 3192707): 3192705 3192706
3192705(3192705 3192753): 
3192706(3192706 3192744 3192745 3192747 3192749): 3192742
3192708(3192708 3192732 3192733): 
3192709(3192709): 
3192710(3192710 3192724 3192725 3192726): 3192723
3192711(3192711): 
3192712(3192712): 
3192713(3192713 3192739 3192740): 
3192714(3192714): 3192734 3192735 3192736 3192737 3192738
3192723(3192723 3192780 3192781 3192783): 3192778
3192727(3192727 3192746 3192748): 3192741 3192743
3192734(3192734 3192754 3192755 3192756): 
3192735(3192735 3192760): 
3192736(3192736): 
3192737(3192737 3192757 3192758 3192759): 
3192738(3192738 3192752): 3192750 3192751
3192741(3192741 3192770 3192771 3192772): 
3192742(3192742): 3192774 3192775 3192776 3192777
3192743(3192743): 3192768 3192769
3192750(3192750 3192761 3192762 3192763 3192764 3192765): 
3192751(3192751 3192767): 3192766
3192766(3192766 3192792 3192793 3192795 3192798 3192800): 3192788
3192768(3192768 3192797 3192799 3192801): 
3192769(3192769 3192784 3192785): 3192779 3192782
3192774(3192774 3192794 3192796): 
3192775(3192775 3192787 3192790): 
3192776(3192776 3192786 3192789 3192791): 
3192777(3192777 3192806 3192807): 3192802 3192804
3192778(3192778 3192809 3192810 3192811 3192812 3192813): 3192803 3192805 3192808
3192779(3192779 3192817 3192818 3192820 3192822 3192823): 
3192782(3192782): 3192821 3192824
3192788(3192788): 3192851
3192802(3192802 3192834 3192835 3192836 3192837 3192838): 
3192803(3192803 3192852 3192854): 
3192804(3192804 3192826): 3192819 3192825
3192805(3192805 3192827 3192828): 
3192808(3192808 3192830 3192831 3192832 3192833): 3192829
3192819(3192819 3192839 3192840 3192842 3192843 3192844): 
3192821(3192821 3192853 3192855 3192857): 
3192824(3192824 3192860 3192861 3192862): 3192856 3192858 3192859
3192825(3192825 3192867 3192868 3192869 3192870): 3192866
3192829(3192829 3192846 3192847 3192848 3192849 3192850): 3192841 3192845
3192841(3192841 3192874): 
3192845(3192845 3192873): 3192871 3192872
3192851(3192851 3192877 3192878 3192879): 3192875 3192876
3192856(3192856): 
3192858(3192858 3192863 3192864 3192865): 
3192859(3192859 3192881 3192882 3192883): 3192880
3192866(3192866 3192886 3192887 3192888): 3192884 3192885
3192871(3192871 3192910 3192911 3192912): 
3192872(3192872 3192900 3192901 3192902 3192903 3192905): 3192898
3192875(3192875 3192897): 
3192876(3192876 3192890 3192891 3192892 3192893 3192894): 3192889
3192880(3192880 3192896): 3192895
3192884(3192884 3192928 3192929 3192930): 
3192885(3192885 3192904 3192906 3192907 3192908 3192909): 3192899
3192889(3192889 3192914 3192915 3192916 3192917 3192918): 3192913
3192895(3192895): 
3192898(3192898 3192920 3192921 3192922 3192923 3192924): 3192919
3192899(3192899 3192932 3192933 3192934 3192935): 3192931
3192913(3192913 3192926 3192927): 3192925
3192919(3192919 3192938 3192939 3192940 3192941 3192942): 3192936
3192925(3192925): 3192937
3192931(3192931 3192947 3192948 3192949): 3192945 3192946
3192936(3192936 3192944): 3192943
3192937(3192937): 
3192943(3192943): 3192953
3192945(3192945 3192950 3192951 3192952): 
3192946(3192946 3192955 3192956 3192957 3192958 3192959): 3192954
3192953(3192953 3192962 3192963 3192964): 3192960 3192961
3192954(3192954): 
3192960(3192960 3192965 3192966 3192967 3192968 3192969): 
3192961(3192961 3192971 3192972 3192973): 3192970
3192970(3192970 3192975): 3192974
3192974(3192974 3192977 3192978 3192979 3192980 3192981): 3192976
3192976(3192976 3192983 3192984 3192985): 3192982
3192982(3192982 3192987): 3192986
3192986(3192986 3192990): 3192989
3192989(3192989 3192992 3192993 3192994 3192995): 3192991
3192991(3192991 3192998 3192999 3193000): 3192996 3192997
3192996(3192996 3193001): 
3192997(3192997 3193003): 3193002
3193002(3193002 3193005 3193006 3193007 3193008): 3193004
3193004(3193004 3193013 3193014 3193015 3193016 3193017): 3193009 3193010 3193011 3193012
3193009(3193009 3193018 3193019): 
3193010(3193010): 
3193011(3193011 3193020): 
3193012(3193012 3193022 3193023): 3193021
3193021(3193021 3193026 3193027): 3193024 3193025
3193024(3193024 3193035 3193037 3193038): 
3193025(3193025 3193030 3193031 3193032 3193033 3193034): 3193028 3193029
3193028(3193028 3193036): 
3193029(3193029): 3193039
3193039(3193039): 3193040
3193040(3193040 3193041 3193042 3193043 3193044): 
